"Month" "Days" "Daily solar Radiation" "Shading %"
1         31            5.08                24
2         28            4.9                 7
3         31            6.32                0
4         30            5.78                0
5         31            5.78                0
6         30            5.94                0
7         31            5.98                0
8         31            6.61                0
9         30            6.33                0
10        31            5.8                 0
11        30            5                   23
12        31            4.68                24

